     num; pos; vol; res; tur; amp; pow; eAd; eFl; spd; 
       0;   1;   2;   3;   4;   5;   6;   7;   8;   9; 
       0; 0; 412.5; inf; 0.0; 0.0; 0.0; 0.0; 0.0; 0.0; 
       1; 0; 412.5; inf; 0.0; 0.0; 0.0; 0.0; 0.0; 0.0; 
       2; 0; 412.5; inf; 0.0; 0.0; 0.0; 0.0; 0.0; 0.0; 
       3; 0; 412.5; inf; 0.0; 0.0; 0.0; 0.0; 0.0; 0.0; 
       4; 0; 412.5; inf; 0.0; 0.0; 0.0; 0.0; 0.0; 0.0; 
       5; 0; 412.5; inf; 0.0; 0.0; 0.0; 0.0; 0.0; 0.0; 
       6; 0; 412.5; inf; 0.0; 0.0; 0.0; 0.0; 0.0; 0.0; 
       7; 0; 412.5; inf; 0.0; 0.0; 0.0; 0.0; 0.0; 0.0; 
       8; 0; 412.5; inf; 0.0; 0.0; 0.0; 0.0; 0.0; 0.0; 
       9; 0; 412.5; inf; 0.0; 0.0; 0.0; 0.0; 0.0; 0.0; 
      10; 0; 412.5; inf; 0.0; 0.0; 0.0; 0.0; 0.0; 0.0; 
      11; 0; 412.5; inf; 0.0; 0.0; 0.0; 0.0; 0.0; 0.0; 
      12; 0; 412.5; inf; 0.0; 0.0; 0.0; 0.0; 0.0; 0.0; 
      13; 0; 412.5; inf; 0.0; 0.0; 0.0; 0.0; 0.0; 0.0; 
      14; 0; 412.5; inf; 0.0; 0.0; 0.0; 0.0; 0.0; 0.0; 
      15; 0; 412.5; inf; 0.0; 0.0; 0.0; 0.0; 0.0; 0.0; 
      16; 0; 412.5; inf; 0.0; 0.0; 0.0; 0.0; 0.0; 0.0; 
      17; 0; 412.5; inf; 0.0; 0.0; 0.0; 0.0; 0.0; 0.0; 
      18; 1; 412.5; 4.456; 0.0; 92.572; 38185.95; 636.432; 636.432; 0.702; 
      19; 1; 412.5; 4.456; 4.185; 92.572; 38185.95; 636.432; 1272.864; 0.994; 
      20; 1; 412.5; 4.456; 5.918; 92.572; 38185.95; 636.432; 1909.296; 1.217; 
      21; 1; 412.5; 4.456; 7.248; 92.572; 38185.95; 636.432; 2545.728; 1.404; 
      22; 1; 412.5; 4.456; 8.369; 92.572; 38185.95; 636.432; 3182.16; 1.57; 
      23; 1; 412.5; 4.456; 9.357; 92.572; 38185.95; 636.432; 3818.592; 1.717; 
      24; 1; 412.5; 4.456; 10.25; 92.572; 38185.95; 636.432; 4455.024; 1.858; 
      25; 1; 412.5; 4.456; 11.071; 92.572; 38185.95; 636.432; 5091.456; 1.984; 
      26; 1; 412.5; 4.456; 11.836; 92.572; 38185.95; 636.432; 5727.888; 2.106; 
      27; 1; 412.5; 4.456; 12.554; 92.572; 38185.95; 636.432; 6364.32; 2.218; 
      28; 1; 412.5; 4.456; 13.233; 92.572; 38185.95; 636.432; 7000.752; 2.326; 
      29; 1; 412.5; 4.456; 13.879; 92.572; 38185.95; 636.432; 7637.184; 2.43; 
      30; 1; 412.5; 4.456; 14.496; 92.572; 38185.95; 636.432; 8273.616; 2.531; 
      31; 1; 412.5; 4.456; 15.088; 92.572; 38185.95; 636.432; 8910.048; 2.624; 
      32; 1; 412.5; 4.456; 15.657; 92.572; 38185.95; 636.432; 9546.48; 2.718; 
      33; 1; 412.5; 4.456; 16.207; 92.572; 38185.95; 636.432; 10182.912; 2.808; 
      34; 1; 412.5; 4.456; 16.738; 92.572; 38185.95; 636.432; 10819.344; 2.894; 
      35; 1; 412.5; 4.456; 17.253; 92.572; 38185.95; 636.432; 11455.776; 2.977; 
      36; 1; 412.5; 4.456; 17.754; 92.572; 38185.95; 636.432; 12092.208; 3.06; 
      37; 1; 412.5; 4.456; 18.24; 92.572; 38185.95; 636.432; 12728.64; 3.139; 
      38; 1; 412.5; 4.456; 18.714; 92.572; 38185.95; 636.432; 13365.072; 3.215; 
      39; 1; 412.5; 4.456; 19.176; 92.572; 38185.95; 636.432; 14001.504; 3.29; 
      40; 1; 412.5; 4.456; 19.627; 92.572; 38185.95; 636.432; 14637.936; 3.366; 
      41; 1; 412.5; 4.456; 20.069; 92.572; 38185.95; 636.432; 15274.368; 3.438; 
      42; 1; 412.5; 4.456; 20.5; 92.572; 38185.95; 636.432; 15910.8; 3.51; 
      43; 1; 412.5; 4.456; 20.923; 92.572; 38185.95; 636.432; 16547.232; 3.578; 
      44; 1; 412.5; 4.456; 21.337; 92.572; 38185.95; 636.432; 17183.664; 3.647; 
      45; 1; 412.5; 4.456; 21.744; 92.572; 38185.95; 636.432; 17820.096; 3.712; 
      46; 1; 412.5; 4.456; 22.143; 92.572; 38185.95; 636.432; 18456.528; 3.78; 
      47; 1; 412.5; 4.456; 22.535; 92.572; 38185.95; 636.432; 19092.96; 3.845; 
      48; 1; 412.5; 4.456; 22.92; 92.572; 38185.95; 636.432; 19729.392; 3.906; 
      49; 1; 412.5; 4.456; 23.299; 92.572; 38185.95; 636.432; 20365.824; 3.971; 
      50; 1; 412.5; 4.456; 23.672; 92.572; 38185.95; 636.432; 21002.256; 4.032; 
      51; 1; 412.5; 4.456; 24.039; 92.572; 38185.95; 636.432; 21638.688; 4.093; 
      52; 1; 412.5; 4.456; 24.4; 92.572; 38185.95; 636.432; 22275.12; 4.151; 
      53; 1; 412.5; 4.456; 24.756; 92.572; 38185.95; 636.432; 22911.552; 4.212; 
      54; 1; 412.5; 4.456; 25.107; 92.572; 38185.95; 636.432; 23547.984; 4.27; 
      55; 1; 412.5; 4.456; 25.454; 92.572; 38185.95; 636.432; 24184.416; 4.327; 
      56; 1; 412.5; 4.456; 25.795; 92.572; 38185.95; 636.432; 24820.848; 4.381; 
      57; 1; 412.5; 4.456; 26.133; 92.572; 38185.95; 636.432; 25457.28; 4.439; 
      58; 1; 412.5; 4.456; 26.466; 92.572; 38185.95; 636.432; 26093.712; 4.493; 
      59; 1; 412.5; 4.456; 26.794; 92.572; 38185.95; 636.432; 26730.144; 4.547; 
      60; 1; 412.5; 4.456; 27.119; 92.572; 38185.95; 636.432; 27366.576; 4.601; 
      61; 1; 412.5; 4.456; 27.44; 92.572; 38185.95; 636.432; 28003.008; 4.655; 
      62; 1; 412.5; 4.456; 27.757; 92.572; 38185.95; 636.432; 28639.44; 4.709; 
      63; 1; 412.5; 4.456; 28.071; 92.572; 38185.95; 636.432; 29275.872; 4.759; 
      64; 1; 412.5; 4.456; 28.381; 92.572; 38185.95; 636.432; 29912.304; 4.81; 
      65; 1; 412.5; 4.456; 28.688; 92.572; 38185.95; 636.432; 30548.736; 4.86; 
      66; 1; 412.5; 4.456; 28.992; 92.572; 38185.95; 636.432; 31185.168; 4.91; 
      67; 1; 412.5; 4.456; 29.292; 92.572; 38185.95; 636.432; 31821.6; 4.961; 
      68; 1; 412.5; 4.456; 29.589; 92.572; 38185.95; 636.432; 32458.032; 5.011; 
      69; 1; 412.5; 4.456; 29.884; 92.572; 38185.95; 636.432; 33094.464; 5.062; 
      70; 1; 412.5; 4.456; 30.175; 92.572; 38185.95; 636.432; 33730.896; 5.108; 
      71; 1; 412.5; 4.456; 30.464; 92.572; 38185.95; 636.432; 34367.328; 5.155; 
      72; 1; 412.5; 4.456; 30.75; 92.572; 38185.95; 636.432; 35003.76; 5.206; 
      73; 1; 412.5; 4.456; 31.034; 92.572; 38185.95; 636.432; 35640.192; 5.252; 
      74; 1; 412.5; 4.456; 31.314; 92.572; 38185.95; 636.432; 36276.624; 5.299; 
      75; 2; 412.5; 2.098; 31.593; 196.616; 81104.1; 1351.735; 37628.359; 5.396; 
      76; 2; 412.5; 2.098; 32.176; 196.616; 81104.1; 1351.735; 38980.094; 5.494; 
      77; 2; 412.5; 2.098; 32.749; 196.616; 81104.1; 1351.735; 40331.829; 5.587; 
      78; 2; 412.5; 2.098; 33.312; 196.616; 81104.1; 1351.735; 41683.564; 5.681; 
      79; 2; 412.5; 2.098; 33.866; 196.616; 81104.1; 1351.735; 43035.299; 5.771; 
      80; 2; 412.5; 2.098; 34.41; 196.616; 81104.1; 1351.735; 44387.034; 5.861; 
      81; 2; 412.5; 2.098; 34.946; 196.616; 81104.1; 1351.735; 45738.769; 5.947; 
      82; 2; 412.5; 2.098; 35.475; 196.616; 81104.1; 1351.735; 47090.504; 6.037; 
      83; 2; 412.5; 2.098; 35.995; 196.616; 81104.1; 1351.735; 48442.239; 6.124; 
      84; 2; 412.5; 2.098; 36.508; 196.616; 81104.1; 1351.735; 49793.974; 6.206; 
      85; 2; 412.5; 2.098; 37.014; 196.616; 81104.1; 1351.735; 51145.709; 6.289; 
      86; 2; 412.5; 2.098; 37.513; 196.616; 81104.1; 1351.735; 52497.444; 6.372; 
      87; 2; 412.5; 2.098; 38.005; 196.616; 81104.1; 1351.735; 53849.179; 6.455; 
      88; 2; 412.5; 2.098; 38.491; 196.616; 81104.1; 1351.735; 55200.914; 6.534; 
      89; 2; 412.5; 2.098; 38.972; 196.616; 81104.1; 1351.735; 56552.649; 6.613; 
      90; 2; 412.5; 2.098; 39.446; 196.616; 81104.1; 1351.735; 57904.384; 6.692; 
      91; 2; 412.5; 2.098; 39.915; 196.616; 81104.1; 1351.735; 59256.119; 6.772; 
      92; 2; 412.5; 2.098; 40.378; 196.616; 81104.1; 1351.735; 60607.854; 6.847; 
      93; 2; 412.5; 2.098; 40.836; 196.616; 81104.1; 1351.735; 61959.589; 6.923; 
      94; 2; 412.5; 2.098; 41.289; 196.616; 81104.1; 1351.735; 63311.324; 6.998; 
      95; 2; 412.5; 2.098; 41.736; 196.616; 81104.1; 1351.735; 64663.059; 7.074; 
      96; 2; 412.5; 2.098; 42.18; 196.616; 81104.1; 1351.735; 66014.794; 7.146; 
      97; 2; 412.5; 2.098; 42.618; 196.616; 81104.1; 1351.735; 67366.529; 7.218; 
      98; 2; 412.5; 2.098; 43.052; 196.616; 81104.1; 1351.735; 68718.264; 7.29; 
      99; 2; 412.5; 2.098; 43.482; 196.616; 81104.1; 1351.735; 70069.999; 7.362; 
     100; 2; 412.5; 2.098; 43.908; 196.616; 81104.1; 1351.735; 71421.734; 7.434; 
     101; 2; 412.5; 2.098; 44.329; 196.616; 81104.1; 1351.735; 72773.469; 7.502; 
     102; 2; 412.5; 2.098; 44.747; 196.616; 81104.1; 1351.735; 74125.204; 7.574; 
     103; 2; 412.5; 2.098; 45.16; 196.616; 81104.1; 1351.735; 75476.939; 7.643; 
     104; 2; 412.5; 2.098; 45.57; 196.616; 81104.1; 1351.735; 76828.674; 7.711; 
     105; 2; 412.5; 2.098; 45.977; 196.616; 81104.1; 1351.735; 78180.409; 7.776; 
     106; 2; 412.5; 2.098; 46.379; 196.616; 81104.1; 1351.735; 79532.144; 7.844; 
     107; 2; 412.5; 2.098; 46.779; 196.616; 81104.1; 1351.735; 80883.879; 7.909; 
     108; 2; 412.5; 2.098; 47.174; 196.616; 81104.1; 1351.735; 82235.614; 7.978; 
     109; 2; 412.5; 2.098; 47.567; 196.616; 81104.1; 1351.735; 83587.349; 8.042; 
     110; 2; 412.5; 2.098; 47.956; 196.616; 81104.1; 1351.735; 84939.084; 8.107; 
     111; 2; 412.5; 2.098; 48.342; 196.616; 81104.1; 1351.735; 86290.819; 8.172; 
     112; 2; 412.5; 2.098; 48.726; 196.616; 81104.1; 1351.735; 87642.554; 8.233; 
     113; 2; 412.5; 2.098; 49.106; 196.616; 81104.1; 1351.735; 88994.289; 8.298; 
     114; 2; 412.5; 2.098; 49.483; 196.616; 81104.1; 1351.735; 90346.024; 8.359; 
     115; 2; 412.5; 2.098; 49.857; 196.616; 81104.1; 1351.735; 91697.759; 8.424; 
     116; 2; 412.5; 2.098; 50.229; 196.616; 81104.1; 1351.735; 93049.494; 8.485; 
     117; 2; 412.5; 2.098; 50.598; 196.616; 81104.1; 1351.735; 94401.229; 8.546; 
     118; 2; 412.5; 2.098; 50.964; 196.616; 81104.1; 1351.735; 95752.964; 8.608; 
     119; 2; 412.5; 2.098; 51.328; 196.616; 81104.1; 1351.735; 97104.699; 8.669; 
     120; 2; 412.5; 2.098; 51.689; 196.616; 81104.1; 1351.735; 98456.434; 8.726; 
     121; 2; 412.5; 2.098; 52.047; 196.616; 81104.1; 1351.735; 99808.169; 8.788; 
     122; 2; 412.5; 2.098; 52.403; 196.616; 81104.1; 1351.735; 101159.904; 8.849; 
     123; 2; 412.5; 2.098; 52.757; 196.616; 81104.1; 1351.735; 102511.639; 8.906; 
     124; 2; 412.5; 2.098; 53.108; 196.616; 81104.1; 1351.735; 103863.374; 8.964; 
     125; 2; 412.5; 2.098; 53.457; 196.616; 81104.1; 1351.735; 105215.109; 9.022; 
     126; 2; 412.5; 2.098; 53.804; 196.616; 81104.1; 1351.735; 106566.844; 9.079; 
     127; 2; 412.5; 2.098; 54.148; 196.616; 81104.1; 1351.735; 107918.579; 9.137; 
     128; 3; 412.5; 0.731; 54.491; 564.295; 232771.687; 3879.528; 111798.107; 9.302; 
     129; 3; 412.5; 0.731; 55.462; 564.295; 232771.687; 3879.528; 115677.635; 9.461; 
     130; 3; 412.5; 0.731; 56.416; 564.295; 232771.687; 3879.528; 119557.163; 9.619; 
     131; 3; 412.5; 0.731; 57.354; 564.295; 232771.687; 3879.528; 123436.691; 9.774; 
     132; 3; 412.5; 0.731; 58.277; 564.295; 232771.687; 3879.528; 127316.219; 9.925; 
     133; 3; 412.5; 0.731; 59.186; 564.295; 232771.687; 3879.528; 131195.747; 10.076; 
     134; 3; 412.5; 0.731; 60.081; 564.295; 232771.687; 3879.528; 135075.275; 10.224; 
     135; 3; 412.5; 0.731; 60.963; 564.295; 232771.687; 3879.528; 138954.803; 10.368; 
     136; 3; 412.5; 0.731; 61.832; 564.295; 232771.687; 3879.528; 142834.331; 10.512; 
     137; 3; 412.5; 0.731; 62.689; 564.295; 232771.687; 3879.528; 146713.859; 10.656; 
     138; 3; 412.5; 0.731; 63.535; 564.295; 232771.687; 3879.528; 150593.387; 10.793; 
     139; 3; 412.5; 0.731; 64.369; 564.295; 232771.687; 3879.528; 154472.915; 10.933; 
     140; 3; 412.5; 0.731; 65.193; 564.295; 232771.687; 3879.528; 158352.443; 11.07; 
     141; 3; 412.5; 0.731; 66.007; 564.295; 232771.687; 3879.528; 162231.971; 11.203; 
     142; 3; 412.5; 0.731; 66.81; 564.295; 232771.687; 3879.528; 166111.499; 11.336; 
     143; 3; 412.5; 0.731; 67.604; 564.295; 232771.687; 3879.528; 169991.027; 11.47; 
     144; 3; 412.5; 0.731; 68.389; 564.295; 232771.687; 3879.528; 173870.555; 11.599; 
     145; 3; 412.5; 0.731; 69.165; 564.295; 232771.687; 3879.528; 177750.083; 11.729; 
     146; 3; 412.5; 0.731; 69.933; 564.295; 232771.687; 3879.528; 181629.611; 11.855; 
     147; 3; 412.5; 0.731; 70.692; 564.295; 232771.687; 3879.528; 185509.139; 11.981; 
     148; 3; 412.5; 0.731; 71.443; 564.295; 232771.687; 3879.528; 189388.667; 12.107; 
     149; 3; 412.5; 0.731; 72.186; 564.295; 232771.687; 3879.528; 193268.195; 12.229; 
     150; 3; 412.5; 0.731; 72.921; 564.295; 232771.687; 3879.528; 197147.723; 12.352; 
     151; 3; 412.5; 0.731; 73.65; 564.295; 232771.687; 3879.528; 201027.251; 12.47; 
     152; 3; 412.5; 0.731; 74.371; 564.295; 232771.687; 3879.528; 204906.779; 12.593; 
     153; 3; 412.5; 0.731; 75.085; 564.295; 232771.687; 3879.528; 208786.307; 12.712; 
     154; 3; 412.5; 0.731; 75.792; 564.295; 232771.687; 3879.528; 212665.835; 12.827; 
     155; 3; 412.5; 0.731; 76.493; 564.295; 232771.687; 3879.528; 216545.363; 12.946; 
     156; 3; 412.5; 0.731; 77.188; 564.295; 232771.687; 3879.528; 220424.891; 13.061; 
     157; 3; 412.5; 0.731; 77.876; 564.295; 232771.687; 3879.528; 224304.419; 13.172; 
     158; 3; 412.5; 0.731; 78.559; 564.295; 232771.687; 3879.528; 228183.947; 13.288; 
     159; 3; 412.5; 0.731; 79.235; 564.295; 232771.687; 3879.528; 232063.475; 13.399; 
     160; 3; 412.5; 0.731; 79.906; 564.295; 232771.687; 3879.528; 235943.003; 13.511; 
     161; 3; 412.5; 0.731; 80.571; 564.295; 232771.687; 3879.528; 239822.531; 13.622; 
     162; 3; 412.5; 0.731; 81.231; 564.295; 232771.687; 3879.528; 243702.059; 13.73; 
     163; 3; 412.5; 0.731; 81.885; 564.295; 232771.687; 3879.528; 247581.587; 13.842; 
     164; 3; 412.5; 0.731; 82.534; 564.295; 232771.687; 3879.528; 251461.115; 13.95; 
     165; 3; 412.5; 0.731; 83.178; 564.295; 232771.687; 3879.528; 255340.643; 14.054; 
     166; 3; 412.5; 0.731; 83.818; 564.295; 232771.687; 3879.528; 259220.171; 14.162; 
     167; 3; 412.5; 0.731; 84.452; 564.295; 232771.687; 3879.528; 263099.699; 14.267; 
     168; 3; 412.5; 0.731; 85.082; 564.295; 232771.687; 3879.528; 266979.227; 14.371; 
     169; 3; 412.5; 0.731; 85.707; 564.295; 232771.687; 3879.528; 270858.755; 14.476; 
     170; 3; 412.5; 0.731; 86.327; 564.295; 232771.687; 3879.528; 274738.283; 14.58; 
     171; 3; 412.5; 0.731; 86.943; 564.295; 232771.687; 3879.528; 278617.811; 14.681; 
     172; 3; 412.5; 0.731; 87.555; 564.295; 232771.687; 3879.528; 282497.339; 14.785; 
     173; 3; 412.5; 0.731; 88.162; 564.295; 232771.687; 3879.528; 286376.867; 14.886; 
     174; 3; 412.5; 0.731; 88.765; 564.295; 232771.687; 3879.528; 290256.395; 14.987; 
     175; 3; 412.5; 0.731; 89.365; 564.295; 232771.687; 3879.528; 294135.923; 15.088; 
     176; 3; 412.5; 0.731; 89.96; 564.295; 232771.687; 3879.528; 298015.451; 15.185; 
     177; 3; 412.5; 0.731; 90.551; 564.295; 232771.687; 3879.528; 301894.979; 15.282; 
     178; 3; 412.5; 0.731; 91.139; 564.295; 232771.687; 3879.528; 305774.507; 15.383; 
     179; 3; 412.5; 0.731; 91.722; 564.295; 232771.687; 3879.528; 309654.035; 15.48; 
     180; 3; 412.5; 0.731; 92.302; 564.295; 232771.687; 3879.528; 313533.563; 15.574; 
     181; 3; 412.5; 0.731; 92.879; 564.295; 232771.687; 3879.528; 317413.091; 15.671; 
     182; 3; 412.5; 0.731; 93.452; 564.295; 232771.687; 3879.528; 321292.619; 15.768; 
     183; 3; 412.5; 0.731; 94.021; 564.295; 232771.687; 3879.528; 325172.147; 15.862; 
     184; 3; 412.5; 0.731; 94.587; 564.295; 232771.687; 3879.528; 329051.675; 15.955; 
     185; 3; 412.5; 0.731; 95.15; 564.295; 232771.687; 3879.528; 332931.203; 16.049; 
     186; 4; 412.5; 0.28; 95.709; 1473.214; 607700.775; 10128.346; 343059.549; 16.294; 
     187; 4; 412.5; 0.28; 97.154; 1473.214; 607700.775; 10128.346; 353187.895; 16.531; 
     188; 4; 412.5; 0.28; 98.578; 1473.214; 607700.775; 10128.346; 363316.241; 16.765; 
     189; 4; 412.5; 0.28; 99.981; 1473.214; 607700.775; 10128.346; 373444.587; 16.999; 
     190; 4; 412.5; 0.28; 101.365; 1473.214; 607700.775; 10128.346; 383572.933; 17.226; 
     191; 4; 412.5; 0.28; 102.73; 1473.214; 607700.775; 10128.346; 393701.279; 17.453; 
     192; 4; 412.5; 0.28; 104.078; 1473.214; 607700.775; 10128.346; 403829.625; 17.676; 
     193; 4; 412.5; 0.28; 105.408; 1473.214; 607700.775; 10128.346; 413957.971; 17.896; 
     194; 4; 412.5; 0.28; 106.722; 1473.214; 607700.775; 10128.346; 424086.317; 18.115; 
     195; 4; 412.5; 0.28; 108.02; 1473.214; 607700.775; 10128.346; 434214.663; 18.328; 
     196; 4; 412.5; 0.28; 109.302; 1473.214; 607700.775; 10128.346; 444343.009; 18.544; 
     197; 4; 412.5; 0.28; 110.569; 1473.214; 607700.775; 10128.346; 454471.355; 18.752; 
     198; 4; 412.5; 0.28; 111.822; 1473.214; 607700.775; 10128.346; 464599.701; 18.961; 
     199; 4; 412.5; 0.28; 113.061; 1473.214; 607700.775; 10128.346; 474728.047; 19.166; 
     200; 4; 412.5; 0.28; 114.287; 1473.214; 607700.775; 10128.346; 484856.393; 19.368; 
     201; 4; 412.5; 0.28; 115.5; 1473.214; 607700.775; 10128.346; 494984.739; 19.57; 
     202; 4; 412.5; 0.28; 116.7; 1473.214; 607700.775; 10128.346; 505113.085; 19.768; 
     203; 4; 412.5; 0.28; 117.888; 1473.214; 607700.775; 10128.346; 515241.431; 19.966; 
     204; 4; 412.5; 0.28; 119.064; 1473.214; 607700.775; 10128.346; 525369.777; 20.16; 
     205; 4; 412.5; 0.28; 120.229; 1473.214; 607700.775; 10128.346; 535498.123; 20.354; 
     206; 4; 412.5; 0.28; 121.382; 1473.214; 607700.775; 10128.346; 545626.469; 20.545; 
     207; 4; 412.5; 0.28; 122.524; 1473.214; 607700.775; 10128.346; 555754.815; 20.736; 
     208; 4; 412.5; 0.28; 123.656; 1473.214; 607700.775; 10128.346; 565883.161; 20.923; 
     209; 4; 412.5; 0.28; 124.778; 1473.214; 607700.775; 10128.346; 576011.507; 21.11; 
     210; 4; 412.5; 0.28; 125.89; 1473.214; 607700.775; 10128.346; 586139.853; 21.298; 
     211; 4; 412.5; 0.28; 126.992; 1473.214; 607700.775; 10128.346; 596268.199; 21.478; 
     212; 4; 412.5; 0.28; 128.084; 1473.214; 607700.775; 10128.346; 606396.545; 21.661; 
     213; 4; 412.5; 0.28; 129.168; 1473.214; 607700.775; 10128.346; 616524.891; 21.841; 
     214; 4; 412.5; 0.28; 130.242; 1473.214; 607700.775; 10128.346; 626653.237; 22.021; 
     215; 4; 412.5; 0.28; 131.307; 1473.214; 607700.775; 10128.346; 636781.583; 22.198; 
     216; 4; 412.5; 0.28; 132.364; 1473.214; 607700.775; 10128.346; 646909.929; 22.374; 
     217; 4; 412.5; 0.28; 133.413; 1473.214; 607700.775; 10128.346; 657038.275; 22.547; 
     218; 4; 412.5; 0.28; 134.453; 1473.214; 607700.775; 10128.346; 667166.621; 22.72; 
     219; 4; 412.5; 0.28; 135.485; 1473.214; 607700.775; 10128.346; 677294.967; 22.892; 
     220; 4; 412.5; 0.28; 136.51; 1473.214; 607700.775; 10128.346; 687423.313; 23.062; 
     221; 4; 412.5; 0.28; 137.527; 1473.214; 607700.775; 10128.346; 697551.659; 23.231; 
     222; 4; 412.5; 0.28; 138.536; 1473.214; 607700.775; 10128.346; 707680.005; 23.4; 
     223; 4; 412.5; 0.28; 139.538; 1473.214; 607700.775; 10128.346; 717808.351; 23.566; 
     224; 4; 412.5; 0.28; 140.533; 1473.214; 607700.775; 10128.346; 727936.697; 23.731; 
     225; 4; 412.5; 0.28; 141.521; 1473.214; 607700.775; 10128.346; 738065.043; 23.897; 
     226; 4; 412.5; 0.28; 142.502; 1473.214; 607700.775; 10128.346; 748193.389; 24.059; 
